-2.4223e-01,-5.5774e-01
5.8766e-01,-9.3249e-01
-2.0403e+00,-8.8273e-01
-6.6611e-01,1.6761e+00
-8.2769e-01,1.9254e-01
1.3537e+00,1.0436e-02
6.0544e-01,1.0590e+00
3.0775e-01,1.2809e-01
2.4092e-01,-1.0655e-01
4.4725e-01,-5.7153e-01
6.0178e-01,6.8087e-01
-5.8627e-01,1.0921e-01
-1.1846e+00,-7.1201e-01
1.2364e-02,-1.2050e+00
-8.2780e-02,-1.1719e+00
-2.1971e+00,-1.2039e+00
7.7608e-01,8.2492e-01
-1.6643e+00,3.4124e-02
-1.1590e+00,4.1859e-01
3.6970e-01,-1.0387e+00
-1.3967e+00,7.4835e-01
2.8117e-01,5.0482e-01
1.3852e+00,8.6287e-01
-1.9862e+00,-2.9056e-01
-1.7393e-01,6.4782e-01
-5.8136e-01,-8.9542e-01
6.4027e-01,-2.6073e-01
-1.1308e+00,2.6879e-01
-3.8878e-02,7.5630e-01
-6.8130e-01,-6.5362e-01
1.9288e+00,4.2499e-01
1.5890e+00,4.6953e-01
7.7122e-01,-7.1574e-01
5.3468e-01,2.1339e+00
6.8487e-02,1.1421e+00
-1.6064e+00,1.0985e+00
-9.9854e-01,4.4288e-02
1.1312e+00,-2.9053e-01
-1.2062e+00,-1.2199e-02
3.2000e-01,2.3666e-01
-1.0506e+00,-6.0607e-01
-1.0932e+00,-1.7553e-01
-7.9398e-01,1.3652e+00
1.7502e+00,-1.7032e-01
-3.5025e-01,5.8560e-03
1.2648e+00,-1.1016e+00
4.5929e-01,6.9542e-01
7.6488e-02,9.2092e-01
-3.9201e-01,-1.6749e-01
-4.1370e-01,1.9397e+00
1.0094e+00,1.0109e+00
-1.1254e+00,1.1317e+00
7.2768e-02,-1.6082e-01
9.3390e-01,1.3159e+00
-1.3251e-01,-7.8629e-01
-1.0316e-01,7.3808e-01
1.6441e+00,-3.4181e-01
-1.2767e+00,1.4800e-01
-2.8901e-01,-4.2916e-01
-3.9768e-01,1.8054e+00
8.6382e-01,4.8186e-01
-2.0861e+00,2.1282e-01
-1.3552e-02,-5.3729e-01
4.1207e-01,-1.2682e+00
-5.8391e-01,-6.8990e-02
1.0368e+00,9.2729e-01
-7.4426e-01,5.0214e-01
1.7364e+00,-3.7248e-01
-1.0844e+00,-1.3644e+00
-6.4463e-01,7.6484e-01
1.9862e+00,-9.8632e-01
5.1037e-01,-8.5943e-01
5.6754e-01,7.5997e-01
-6.7533e-01,9.7251e-01
1.4673e+00,-8.6528e-01
-8.0843e-01,9.5173e-01
3.9422e-01,-2.4255e-01
-9.8868e-01,7.6455e-02
-6.7174e-01,3.0166e-01
2.5349e+00,5.0745e-01
1.2221e+00,9.3787e-01
6.9115e-01,5.0222e-01
3.2387e-01,-1.4485e+00
6.5719e-01,-3.7436e-01
6.7138e-01,5.9017e-01
9.3778e-02,8.1255e-01
6.6356e-01,1.1720e+00
-9.2482e-01,-1.5083e+00
-1.9428e-02,1.1158e+00
-8.4002e-02,-1.5205e+00
1.8436e+00,-3.0458e-01
7.1743e-01,-8.9183e-01
-7.1165e-01,-1.0855e+00
-1.0334e+00,8.2248e-01
1.4296e+00,2.0005e-01
6.0223e-02,4.5553e-01
2.5820e-01,1.9296e-02
-1.2318e+00,1.0145e+00
2.2427e-01,3.7152e-01
7.6285e-01,8.9844e-01
8.2359e-03,1.3666e+00
1.2067e+00,-1.3917e-01
3.3747e-02,-4.5565e-02
6.0664e-01,-2.0521e-01
-5.3843e-01,2.0385e+00
-1.5974e+00,-4.5095e-01
-2.5630e-01,9.9321e-02
1.1469e-01,-1.1692e+00
8.7076e-01,-1.1259e-01
6.5776e-01,7.7275e-01
-2.8164e-01,-7.1942e-01
3.6673e-01,-6.8861e-01
1.3968e-01,-6.8194e-01
-8.7588e-03,-3.9001e-01
-5.3169e-02,-7.2637e-02
1.0126e+00,4.7770e-01
-1.8853e-01,7.0124e-02
-4.3893e-01,-8.4643e-01
3.5013e-01,9.2798e-01
6.7360e-01,-2.1409e-01
-1.1083e+00,-6.8366e-01
1.6999e+00,3.7211e-01
-1.4920e+00,-1.4242e+00
2.1258e+00,1.1447e-02
7.3492e-01,5.5110e-01
-8.1507e-01,2.9400e-01
3.0145e-02,-5.8833e-02
9.7453e-02,-1.0138e+00
-7.0948e-01,-1.1352e+00
7.8590e-01,-7.2395e-01
-1.2873e+00,8.5723e-01
-4.0746e-01,-6.2123e-01
1.3749e+00,-4.0434e-01
-7.3212e-01,-2.8798e-02
-4.5899e-01,6.9298e-01
4.4025e-01,1.1426e+00
-1.6318e+00,1.7294e+00
3.6167e-01,7.1736e-01
7.9402e-01,8.5244e-01
1.8161e+00,-1.6859e+00
1.8085e-01,4.6252e-01
1.1412e-01,-1.4664e-01
-1.4753e+00,8.3430e-01
1.8564e+00,1.5141e+00
6.4252e-01,-4.5061e-01
-8.2640e-01,4.9721e-01
-1.3186e+00,-3.4857e-01
-2.1486e-01,-1.1529e+00
7.3464e-01,5.5014e-01
6.9922e-01,1.0244e+00
6.4525e-01,-3.2259e-01
5.2087e-01,1.5345e+00
1.6638e+00,-1.5814e-01
-4.0604e-01,1.8614e-01
-1.1235e+00,2.4748e-01
1.0119e+00,9.0272e-01
-7.8821e-01,8.1529e-01
-8.8657e-01,-9.3290e-01
-2.1967e+00,-1.5508e+00
-1.8181e-01,3.4764e-01
6.8066e-01,-9.2496e-01
8.6515e-01,-5.1203e-01
-7.5547e-01,-7.3894e-02
1.1426e-01,1.5230e+00
9.8004e-01,-5.2893e-01
2.1006e+00,-1.3768e+00
3.6976e-01,-9.3078e-01
5.6082e-01,1.1165e+00
-2.3988e+00,-6.9984e-01
-8.6206e-01,-2.0302e-01
-4.6720e-01,-4.4991e-01
1.3173e+00,2.1531e+00
4.6252e-01,-2.4755e-01
1.6507e+00,-1.3328e+00
2.2800e-02,2.0607e-01
2.5299e-01,1.6035e+00
1.7166e+00,1.6022e+00
-7.3229e-01,9.8619e-01
7.3954e-01,-1.7692e+00
-3.3052e-01,-1.6854e+00
-1.1944e+00,-4.9031e-01
2.5253e-01,8.4470e-01
1.3463e+00,-3.8675e-01
-1.1843e+00,-2.2163e+00
-9.6897e-01,-1.6685e+00
1.2615e+00,3.0744e-01
1.1979e+00,1.8105e-01
-1.9010e+00,-1.4180e+00
8.1653e-01,-5.3741e-01
-5.7087e-01,-2.4563e+00
-8.9754e-01,2.1671e-01
2.3842e-01,1.4750e+00
2.1448e-01,1.2128e+00
1.5769e+00,-1.5407e-01
1.7518e+00,4.2580e-01
1.2905e+00,1.6232e+00
1.4729e+00,-9.7202e-01
1.9246e-01,9.1315e-01
3.7320e-01,-4.1512e-02
-1.8351e+00,6.7007e-02
-2.6605e+00,4.0151e-01
-1.3236e+00,2.7679e-01
3.4015e-01,2.2695e-01
-9.4260e-02,1.4263e-01
9.9879e-01,-5.7718e-02
8.8787e-01,4.9634e-01
6.8801e-02,-1.8160e+00
-6.6175e-01,4.4168e-01
2.2603e+00,-9.6979e-01
1.1063e+00,-8.7063e-01
-1.7300e+00,-7.5916e-01
-9.6310e-01,-1.0402e+00
3.0976e-01,-7.2668e-01
2.1827e-01,-9.4404e-01
-1.3908e+00,-9.9093e-02
-1.5672e+00,-1.0225e+00
1.2374e+00,-6.1007e-01
-6.0509e-01,1.0397e+00
5.3506e-01,-8.7076e-01
-1.8054e+00,-7.3585e-01
7.4796e-01,-8.0375e-01
8.7773e-01,1.9488e-01
-5.3609e-01,-3.4031e-01
1.6355e+00,5.2657e-01
1.1365e+00,-8.7286e-01
-6.7565e-01,1.8340e-01
1.7779e+00,-5.8126e-01
-3.3630e-01,-1.8138e+00
1.0565e+00,3.7125e-02
7.9634e-01,1.0897e+00
1.9798e-01,-1.6680e+00
-4.6664e-02,1.3776e+00
-2.1624e-03,-1.5734e+00
1.7631e-02,-1.2839e+00
-5.6780e-01,-2.2536e+00
-1.4232e-01,-1.6349e+00
-3.7018e-01,-2.3015e+00
-2.0657e-01,-5.3264e-01
1.0344e+00,2.1183e-01
6.3611e-01,-2.7090e-01
-5.7657e-01,-7.8379e-01
-3.0773e-01,-1.2003e+00
3.9529e-01,-7.7631e-01
-7.0202e-01,-5.9066e-01
-1.3238e+00,-2.0007e-01
1.0195e+00,-9.7565e-01
-6.5739e-01,-8.0945e-01
9.4349e-01,2.4567e-01
1.2297e+00,-3.3285e-01
-1.7616e+00,6.0089e-01
1.0173e+00,-6.8956e-02
-9.6337e-01,-6.1729e-01
1.0451e+00,-4.6815e-01
-1.9061e-01,-7.0363e-01
1.0193e+00,5.8425e-01
-2.8052e-01,7.3171e-01
3.4677e-01,-2.0704e+00
8.2311e-01,-3.4380e-01
1.0623e+00,3.1147e+00
7.6157e-01,-7.0366e-03
6.6825e-02,-5.2357e-01
-3.9699e-01,2.4910e+00
-8.0687e-01,4.9672e-01
-5.2176e-01,2.6602e+00
7.8914e-01,-8.1909e-02
-1.2565e+00,9.0024e-01
7.4788e-01,1.4338e+00
2.8170e-01,4.4521e-01
-5.0736e-01,-8.3070e-01
-9.2513e-01,-8.0567e-01
5.2817e-02,-1.4803e+00
3.7590e-01,-4.6175e-01
5.9177e-01,-2.2419e+00
-6.3642e-01,-1.8636e+00
-3.4463e-01,7.9342e-01
8.8773e-01,-2.3676e+00
1.5212e+00,1.0492e+00
1.3237e+00,-9.3687e-01
1.6780e-01,-5.8411e-01
1.5110e+00,1.1598e+00
3.5919e-01,-2.0687e+00
1.1138e+00,-1.2921e+00
-7.0747e-02,2.2791e-01
-3.6199e-01,2.0907e+00
-1.8375e-01,8.2957e-01
-5.2533e-01,5.0841e-01
6.3020e-01,1.1080e+00
-8.6995e-01,-6.5397e-01
-1.8300e-01,1.2097e-02
-6.2206e-01,-1.1582e-01
1.0289e+00,1.7633e+00
3.5093e-01,-6.3194e-01
-1.1747e+00,-3.1633e-01
1.2632e-01,-7.5841e-01
6.9085e-02,-1.4517e+00
-1.2856e+00,1.0205e-01
5.2326e-01,8.1783e-01
-1.4782e+00,1.4623e+00
1.2790e+00,-3.3829e-01
1.9248e+00,3.4378e-01
3.9940e-01,1.0947e-01
-4.1710e-01,5.7750e-01
8.1032e-01,-2.9398e-02
-1.3421e-02,6.4945e-02
-1.2695e+00,5.8940e-01
-9.2508e-02,-2.6927e-01
3.3189e+00,9.1645e-01
-6.3934e-01,-3.9319e-01
7.4415e-02,-9.2922e-01
-1.6914e-01,7.0854e-01
8.1534e-01,-1.0821e+00
-9.6479e-01,-2.1774e-02
2.3671e-01,8.6233e-01
-2.0685e+00,-1.8899e+00
-2.4689e-01,1.4863e+00
1.5333e-01,7.0355e-01
-1.3977e+00,2.4474e-01
-6.2587e-01,1.9483e+00
-1.4708e+00,-1.1840e+00
-1.0789e+00,1.3022e+00
8.6721e-01,-3.7377e-01
8.5485e-01,1.7835e+00
8.8373e-01,-2.7462e-01
4.0803e-01,-1.9967e-01
-2.2702e-01,9.8496e-01
8.6607e-01,-9.4233e-01
-6.9611e-01,-7.8157e-01
-2.7156e-01,1.1043e+00
-1.4427e+00,5.1540e-01
3.5609e-01,1.5761e+00
-2.5857e-01,1.6758e+00
-3.2693e-01,2.4878e-01
-4.4357e-01,-9.4432e-01
-1.2849e-02,2.2504e-01
-1.5661e+00,1.2453e+00
6.8920e-01,-2.9948e-01
8.6169e-01,3.9000e-01
3.3873e-01,1.7165e-01
-3.5274e-01,1.2157e-01
-5.7187e-01,-5.6532e-01
-6.0189e-01,-7.8956e-01
-6.4244e-01,2.0493e+00
-1.5970e+00,7.1295e-01
-4.7655e-01,6.3696e-01
6.8908e-02,1.8315e+00
5.3821e-01,-1.3456e+00
-1.7840e-01,-2.4030e-01
-1.1095e+00,-8.4893e-02
-5.4646e-01,3.1445e-02
8.8846e-01,-8.6998e-01
4.7457e-01,-1.0685e-01
-3.1022e-01,-7.3790e-01
-3.0744e-02,3.6839e-01
-2.5512e-01,7.0110e-01
-2.7911e-01,4.6694e-01
5.2164e-01,2.3581e-01
-5.9609e-01,-1.7166e-01
-1.3811e+00,1.0872e+00
-4.5658e-03,4.2815e-01
5.5453e-02,1.4278e+00
-1.5501e-01,-3.5051e-01
-6.3271e-01,3.0979e-01
-1.1948e-01,1.0529e+00
-2.0286e+00,-2.3176e-01
-1.4150e+00,3.9438e-01
1.1805e-01,7.2521e-01
7.7066e-01,-2.5049e+00
5.8280e-01,6.5136e-01
6.9343e-01,4.6823e-01
-1.7117e-01,5.2669e-01
-8.2762e-01,6.6821e-01
3.5540e-01,-1.5616e+00
-9.1781e-01,-3.0310e-01
8.2191e-01,-4.3546e-01
6.9911e-01,-9.5719e-01
-9.9471e-04,-3.3470e-01
-1.9240e-01,9.7969e-01
1.6694e+00,-7.8175e-01
-2.8055e-01,-1.1532e+00
1.2898e+00,9.7586e-01
1.2925e+00,9.1100e-01
6.5237e-01,-4.2999e-01
1.0740e+00,-1.0350e+00
7.6622e-01,-1.5920e+00
4.7950e-01,-5.4101e-01
-1.8510e+00,-9.0513e-01
2.1413e-01,4.5720e-01
3.8189e-01,-5.9617e-01
-5.3176e-01,1.6637e+00
4.9599e-01,-3.2784e-01
-1.7049e-01,-8.2625e-01
-1.9407e-01,-6.8160e-01
-1.0348e+00,-1.0854e+00
-3.8439e-01,1.5708e+00
-2.6781e-01,7.8023e-01
-7.6597e-01,-3.2151e-01
7.1094e-01,-6.4873e-01
1.0801e-02,-3.6910e-01
-4.1196e-01,3.6338e-01
4.5063e-01,4.3158e-01
-1.0160e+00,-4.3619e-02
6.3982e-01,-2.6057e-01
-3.0794e-01,-3.4187e-01
1.4276e+00,1.0240e+00
2.1452e+00,3.5262e-01
-2.1017e-01,-1.2449e+00
6.1480e-01,-3.0333e-01
-4.3989e-01,1.3727e+00
-3.8975e-01,-1.6098e+00
-1.1980e+00,2.2153e+00
4.6765e-01,5.2077e-01
-2.0540e+00,4.8253e-01
-1.5454e-01,7.0189e-01
1.4807e+00,7.3641e-01
-1.0870e+00,4.3986e-01
3.1523e-01,-2.4247e-01
-2.2983e+00,1.8046e+00
8.4005e-01,-4.4309e-01
-8.6819e-01,-1.7618e+00
-6.2804e-01,2.1169e-01
-1.7650e+00,4.5901e-01
1.1113e+00,1.1981e-03
-7.5469e-01,-1.3598e+00
-1.2128e-01,1.3124e-01
9.4201e-01,1.9508e+00
8.3913e-01,-1.8936e-01
2.8077e-01,1.2169e+00
-5.8976e-02,-9.8585e-01
1.7500e+00,-2.5795e-01
-1.1378e+00,9.3057e-01
-2.8310e-01,2.0052e-01
-1.0719e+00,-1.1501e+00
-1.2178e+00,1.6757e-01
3.1160e-01,8.7982e-01
-2.3151e-01,-2.5102e-01
-5.4506e-02,1.0912e+00
-4.5404e-01,-7.7440e-02
-5.1762e-01,-7.8491e-01
1.5485e+00,1.0776e-01
1.0921e+00,-6.8878e-01
2.8960e-02,6.6179e-01
-1.4588e+00,1.6966e+00
-6.7661e-02,1.4196e+00
6.7215e-01,-9.6379e-01
-1.2456e+00,5.7174e-01
-1.9901e+00,1.5094e+00
2.6356e-01,-5.9692e-01
5.1645e-01,1.9374e-01
-6.1364e-01,-1.1174e+00
5.8885e-02,1.2021e+00
8.2090e-01,1.7523e-01
2.0862e-01,-1.9226e+00
8.2329e-01,1.6008e+00
2.8428e-01,2.3655e-01
3.8467e-01,2.1587e+00
-2.4420e-01,1.3858e+00
-6.6121e-01,-7.9318e-02
6.2411e-01,-3.7913e-01
-6.7196e-01,-3.4481e-01
3.5090e-01,-1.1529e+00
1.2152e-01,4.8171e-01
-3.2069e-01,-1.3292e+00
-4.3496e-01,8.4658e-01
-5.8941e-01,-6.3347e-01
-8.5573e-01,1.3408e+00
-8.5729e-01,4.6011e-01
6.2019e-01,2.8279e-01
1.8598e-02,2.1235e+00
1.2979e+00,-9.4245e-01
4.1360e-01,-9.0212e-01
-1.0500e+00,-1.1510e+00
-6.1122e-02,2.9714e-01
-5.6664e-01,8.0176e-02
-5.8747e-01,-3.5966e-01
-5.9567e-01,-7.9548e-01
1.1575e+00,9.0307e-01
-1.6049e+00,2.8604e-01
-6.3612e-01,-1.8244e+00
1.1494e+00,-6.1385e-01
1.0777e-01,6.7022e-01
-6.1230e-01,2.4389e-01
1.9816e+00,1.0220e+00
1.1329e-01,1.3892e+00
-2.4900e+00,4.0165e-02
-8.5405e-01,-4.2636e-01
4.6044e-01,-1.1592e+00
6.1692e-01,-1.4071e+00
-6.4595e-01,-7.6842e-01
1.5966e-01,8.0098e-01
-1.0119e+00,-2.4773e-01
1.2349e-01,-1.4246e+00
1.0526e+00,-3.6582e-01
6.6461e-01,-2.8404e-02
-5.5687e-02,-5.6808e-01
-1.2301e+00,1.0427e-01
1.5417e-01,1.4608e+00
1.5223e+00,-1.6067e-01
5.8397e-01,8.8717e-01
-8.2745e-01,-4.0238e-01
-5.1631e-01,-1.5630e+00
-5.5606e-01,-9.5842e-01
-2.0306e-02,-1.2761e+00
3.5332e-01,1.5310e+00
1.9701e-01,-3.1645e-01
-4.5269e-01,-4.7344e-01
-4.6681e-01,-5.2532e-01
2.1718e+00,-7.8382e-01
-1.0016e+00,1.9492e-01
1.1250e+00,6.1706e-01
-1.2902e+00,-6.6058e-02
5.0358e-01,-1.8424e+00
-3.2091e-01,5.4088e-01
-3.5329e-01,5.2486e-01
-7.2728e-01,3.9767e-02
2.3737e-01,7.3558e-01
-4.3322e-01,4.5385e-01
-2.0137e-01,-1.1228e+00
7.8718e-01,-1.5032e+00
-3.0585e+00,-2.0758e+00
-7.5133e-01,-1.5482e-02
8.6797e-01,7.0590e-01
-3.9774e-01,1.1488e-01
-1.3818e+00,2.7752e-01
1.5605e-02,5.7587e-01
1.8257e-01,-1.1067e+00
2.7046e-01,1.2011e+00
-9.8307e-01,-1.4049e+00
-5.4330e-02,-5.2221e-01
1.4369e+00,-1.0627e+00
1.1972e+00,-1.0694e+00
1.9845e-01,3.4132e-01
-1.1662e+00,2.3730e-01
-3.7631e-01,1.2610e+00
-8.4147e-01,1.6625e+00
-1.3893e+00,-2.8632e-01
1.0156e+00,2.8561e-01
-1.2621e+00,3.7903e-01
-1.9865e+00,-8.9137e-01
1.1171e+00,1.4596e+00
1.0942e+00,7.2318e-01
-1.1863e+00,6.3228e-01
7.0371e-01,4.4705e-01
1.5855e+00,1.4098e+00
6.4891e-01,1.5289e+00
-1.4400e+00,3.5251e-01
-6.1464e-01,1.5157e+00
-1.0990e+00,2.3344e-03
-5.6904e-02,9.4740e-01
1.9485e+00,1.5159e+00
-4.6111e-01,1.7884e+00
-9.5412e-01,5.8886e-01
-4.2070e-01,2.7517e-01
-1.9817e-01,2.0637e-01
2.8802e-01,-2.3410e+00
-9.2383e-01,-1.7074e-01
5.2666e-01,8.8768e-01
3.6234e-01,9.9729e-01
1.1403e+00,8.3010e-01
3.8830e-01,-1.8800e+00
-4.1484e-01,-2.8751e-01
1.2690e+00,1.3362e+00
1.3824e+00,-1.2166e+00
-7.5841e-01,-6.1892e-01
8.6666e-01,1.7953e+00
1.3315e+00,-5.0338e-03
9.0652e-01,2.2221e-01
-4.0628e-01,3.7996e-01
6.3275e-01,-2.9948e-01
-1.5455e+00,-1.0367e+00
9.7736e-01,3.7724e-01
1.0500e+00,5.9562e-01
1.3105e+00,-5.2627e-01
-1.5488e+00,9.4564e-01
-8.7304e-01,1.9756e+00
1.7336e-01,4.0859e-01
1.1623e+00,-4.7072e-01
2.4048e+00,1.2653e+00
2.6572e-01,9.5291e-01
-8.0677e-01,5.9670e-02
-5.2984e-01,-3.6979e-01
-1.3027e+00,1.0859e+00
-1.2151e+00,-1.1467e+00
-8.8011e-01,-6.2928e-01
-1.4680e+00,-4.9004e-01
1.8870e+00,2.1616e+00
6.6482e-01,-1.5450e+00
1.8269e+00,2.1452e+00
-7.7087e-01,-4.4541e-01
-4.9988e-01,5.7722e-01
-9.0425e-01,7.6733e-01
2.5900e-01,-6.3391e-01
3.8457e-01,7.6798e-01
-5.1093e-01,-1.3318e+00
-6.3622e-01,3.7996e-01
-1.4620e+00,8.1443e-02
-1.2616e+00,-1.0612e-01
-2.6266e+00,1.0183e+00
2.0380e-01,-5.5364e-01
-2.2158e-01,2.8172e-01
-1.0944e-02,-5.2257e-01
-8.1593e-01,-2.0068e-01
-2.2096e-01,-1.3704e-01
1.3521e+00,-6.3863e-01
1.0834e+00,2.1114e-01
4.6063e-01,5.6405e-02
-1.2616e-01,-5.9840e-02
-1.4749e+00,9.8121e-01
2.2214e+00,-2.6321e+00
-1.0138e-02,6.3356e-01
-2.8364e-01,3.5683e-01
9.1404e-01,-9.3296e-01
-2.4544e-01,-1.3591e+00
-1.1066e+00,3.1926e-01
2.4889e+00,-5.7303e-01
-6.0844e-01,6.3511e-01
8.9399e-01,-1.6506e+00
-2.9437e-01,2.3709e-01
1.3654e+00,5.8149e-01
-3.6199e-01,-2.6857e-01
-6.6370e-01,-6.4765e-01
-2.2988e-01,-1.0339e+00
-1.7070e-01,1.0366e+00
8.8853e-02,-7.4050e-01
-9.7813e-01,-3.0208e-01
-1.4286e-01,2.6996e-01
-4.7977e-01,9.9112e-01
3.1479e-01,-7.5854e-01
1.1335e+00,2.8979e-01
-1.8329e+00,8.2092e-01
-1.3777e+00,6.2266e-01
3.2875e-01,-8.5763e-01
-5.3632e-01,8.9631e-01
9.5266e-01,-7.5569e-02
-9.5999e-01,-2.5005e-01
6.0138e-01,-3.7712e-01
-7.4183e-01,3.4492e-01
-2.5309e+00,-8.5746e-01
1.1732e+00,-1.8348e-01
-1.4779e+00,-2.2893e+00
1.2459e+00,1.1978e+00
-1.0476e+00,-4.9085e-01
1.8147e+00,-5.4940e-01
-8.5394e-02,-1.1816e+00
6.1189e-01,1.1555e+00
-3.6683e-01,-8.4366e-01
-8.4817e-01,9.5336e-01
4.5037e-01,9.9587e-01
1.2672e+00,1.3013e+00
1.0199e+00,3.6970e-01
1.0051e+00,-2.9354e-01
2.0276e-01,-1.0886e+00
3.7677e-01,3.5324e-01
-5.9079e-03,-1.4409e+00
-1.2897e+00,9.5122e-01
1.0496e+00,4.1722e-01
-5.5199e-01,-1.7657e+00
-5.8740e-01,3.8881e-01
1.2621e+00,9.7211e-01
-2.9031e+00,-3.0726e+00
-3.0557e-01,1.1784e+00
6.7737e-01,8.4577e-01
2.4728e+00,-1.0940e+00
-4.8501e-01,3.4367e-01
3.4250e-01,-3.2892e-01
5.6674e-01,1.8949e+00
1.1009e+00,-4.8641e-01
6.5546e-01,5.9823e-01
-9.3536e-01,-8.4365e-01
-8.6419e-01,2.6031e-01
-3.2072e-01,-1.3570e-01
1.2987e+00,8.3275e-01
5.6076e-01,1.0481e+00
-6.0580e-01,-4.8517e-02
1.0921e+00,1.1498e-02
1.1414e+00,-2.8896e+00
2.2415e-01,2.5199e-01
-1.0958e+00,-8.6253e-01
1.9943e+00,-1.8845e+00
-2.5663e+00,2.8322e-01
-6.2862e-02,-1.2608e+00
1.2808e+00,-4.3385e-01
-4.2378e-01,-1.6590e-02
5.0697e-01,-5.6412e-01
4.1226e-01,2.0146e+00
6.1203e-01,-1.1652e+00
1.0895e-01,4.6188e-01
-3.6825e-01,-6.1301e-01
1.2002e-01,-6.1639e-01
1.9809e+00,-4.0909e-01
-2.7040e-01,-1.1648e+00
-2.6647e-01,-1.6456e+00
1.7634e-01,9.2256e-01
-9.2767e-01,-4.9880e-01
-6.7549e-01,-2.8319e-01
6.4624e-01,4.1448e-02
1.1301e+00,6.3971e-03
1.5965e+00,-1.3497e-01
-1.5342e+00,-5.5634e-01
-8.1049e-01,-2.0984e-01
7.6338e-01,-5.5454e-01
4.2313e-02,3.4489e-01
5.0949e-01,6.0036e-01
1.1627e+00,5.6339e-01
1.4045e+00,1.4457e-01
6.0713e-01,3.1810e+00
1.6337e-01,8.0911e-01
-1.4234e+00,4.2628e-01
1.7156e+00,-1.3885e-01
-7.7967e-01,2.1193e-01
-3.6864e-01,5.3982e-01
-2.4338e-01,8.4961e-01
2.8554e-01,8.0004e-01
8.3049e-01,1.2113e+00
9.0057e-01,-5.5245e-01
-2.0625e-01,1.2816e+00
-4.4163e-01,1.8128e+00
-1.2960e-01,1.1216e-01
8.4368e-01,3.4281e-01
-1.1231e+00,8.7720e-01
4.6436e-03,1.3105e+00
-1.6469e+00,2.9519e-02
1.1394e+00,6.1313e-01
-1.1217e+00,-9.6187e-01
-2.4971e+00,3.4543e-01
8.5701e-02,-1.2241e+00
-4.7400e-01,-4.0246e-01
-3.4908e-01,-3.2524e-03
-1.7457e-01,3.9113e-02
4.7364e-01,1.3484e+00
-4.2570e-01,-1.4973e+00
7.6770e-01,1.2570e+00
-2.7841e+00,4.4707e-01
-1.0078e+00,-1.5440e+00
-8.3602e-01,3.7992e-01
1.1268e+00,-5.7408e-02
3.4784e-01,-1.7393e+00
1.7214e-02,1.1571e+00
-5.9360e-01,4.3780e-01
1.6942e-01,6.6271e-02
-4.9909e-01,-7.6178e-01
-5.0169e-01,-1.2556e+00
-4.7437e-01,8.1289e-01
4.9346e-01,-1.0841e+00
-5.4385e-01,-6.4221e-01
-1.2104e-01,4.7274e-01
-1.3491e+00,3.6420e-01
-1.9780e-01,-3.7290e-01
-2.8243e-01,-1.1979e+00
2.6147e+00,2.4969e+00
1.2044e+00,-8.3005e-01
1.1761e+00,-4.5103e-01
-6.9774e-01,-1.2244e-01
-4.8872e-01,9.5953e-01
-3.5437e-01,1.0474e+00
-3.0951e-01,2.3406e-01
-2.1518e-01,-1.7412e+00
-7.0603e-01,-9.4820e-01
5.4901e-01,-3.2866e-02
7.3591e-01,1.0740e+00
1.1330e+00,-1.1956e+00
-2.0016e+00,1.1176e-01
-1.3231e+00,-3.9234e-01
-2.3360e-01,-2.5663e-02
-3.8972e-02,-1.1088e+00
-8.6517e-01,-1.6511e+00
1.4123e-01,-2.9584e-02
1.5680e+00,-8.2044e-01
8.7451e-01,7.8067e-02
-2.4876e-01,-1.1880e+00
2.4494e-01,-1.7122e+00
-5.9651e-02,-8.9608e-01
2.0396e+00,1.4552e+00
4.7777e-02,7.0120e-01
1.1665e+00,5.7858e-01
-2.3652e+00,1.4238e-02
-2.5191e-01,6.1946e-02
4.8432e-01,-8.1517e-01
3.6063e-01,-4.8685e-01
-2.9252e-01,-1.6481e+00
-1.7359e+00,-7.6714e-01
-1.0698e+00,-1.6045e-01
-6.5491e-01,-3.1471e-01
2.1106e-01,7.5429e-01
-2.3776e-01,-5.8720e-01
-1.7297e+00,1.0414e+00
-1.8835e+00,-1.4116e-01
1.2036e+00,1.8859e+00
-4.7395e-01,-8.3066e-01
-1.8170e+00,-4.8429e-01
-1.0815e-01,8.7222e-02
-3.3803e-01,-1.5783e+00
3.0595e-03,-6.8100e-02
1.2888e-01,-4.7112e-01
2.5376e-01,-8.1721e-01
-5.2924e-02,6.5429e-02
4.7805e-01,2.5037e-01
3.6636e-03,5.8832e-01
1.1742e+00,-4.0945e-01
-4.8481e-01,-3.6767e-01
2.6463e-01,-5.6001e-01
1.3152e+00,-1.0616e-01
-7.6240e-01,6.8460e-01
1.1859e+00,-1.2056e+00
4.9509e-01,-1.5876e+00
-1.4721e+00,-3.0996e-01
7.1396e-01,-3.9016e-01
3.8285e-01,2.4763e-01
-2.0976e-01,-7.8907e-02
8.4322e-01,1.2654e+00
1.1164e+00,7.4904e-01
-1.5347e+00,-9.0897e-02
1.2404e+00,-1.9275e-01
-1.2648e-01,8.2426e-01
7.0399e-01,9.1476e-01
-6.8583e-01,-5.3381e-01
8.3490e-01,5.4304e-01
4.9489e-01,-1.9962e-01
2.0383e+00,6.4190e-01
7.4127e-01,-4.1883e-01
-2.5141e-01,-2.1623e-01
1.3188e+00,-4.5028e-01
5.7450e-01,1.7441e+00
-5.7847e-01,1.6841e+00
8.0347e-01,3.0176e-01
-2.7776e-01,-2.3289e-01
-2.4838e-01,-1.8667e+00
5.1041e-01,-3.3840e-01
-1.8641e+00,-1.1901e-01
-1.1172e+00,7.9923e-01
-8.1836e-01,6.4976e-02
6.3797e-01,-4.4943e-01
-1.0709e+00,-1.4182e+00
2.9575e-01,-1.1013e+00
-1.1175e+00,7.3282e-01
2.3182e+00,-5.8631e-01
7.2135e-01,1.1539e+00
9.6762e-01,2.0689e-02
1.1269e+00,-1.6003e+00
-3.2838e-01,6.4288e-02
1.0148e+00,1.1341e+00
-5.1175e-01,5.7153e-01
-8.4420e-01,3.7082e-01
3.0418e-01,3.7613e-01
8.9895e-03,8.2289e-01
-1.6230e+00,-1.6213e+00
-8.4215e-02,1.9746e+00
-4.0611e-01,5.0501e-01
1.2548e-02,-1.3502e-01
2.3053e-01,9.7790e-01
1.2775e+00,-1.2561e-01
1.4520e+00,-1.5890e-01
1.3133e-01,3.8499e-02
-5.7457e-01,-1.5380e-01
-3.1774e-01,2.2088e-01
1.1418e+00,-1.6738e+00
6.7826e-01,-1.6967e-01
7.8742e-01,8.1225e-01
-2.5210e-01,1.0601e+00
9.8543e-01,-5.2110e-01
-2.2425e-01,3.3321e-02
1.4041e+00,-1.2129e+00
5.1320e-01,-4.2377e-01
-1.0033e+00,-3.5999e-01
3.5324e-01,-8.8888e-01
-1.1295e-01,8.5113e-01
-7.2270e-01,6.8663e-01
6.4894e-01,1.6360e+00
-9.4099e-01,-6.4406e-01
-5.9021e-01,3.7705e-01
9.1023e-01,6.0598e-01
1.1026e-01,-8.1283e-01
-2.0890e+00,-7.2772e-01
-1.2407e-01,8.3854e-01
-1.2404e-01,7.2778e-01
-6.8742e-01,-2.1643e-01
2.3171e-01,1.2153e-02
1.8797e-02,-1.0090e+00
-2.3208e+00,6.2590e-01
1.2339e-01,9.8935e-01
-1.3019e+00,8.5791e-01
4.4044e-01,-1.0487e+00
1.6277e-02,2.1158e+00
1.5904e+00,7.1139e-02
-8.1933e-02,3.5115e-01
1.2829e-02,5.9093e-02
9.5633e-01,1.0398e-01
-6.3978e-01,7.2365e-01
1.8097e+00,2.9279e-01
-1.1793e+00,4.9523e-01
-1.2023e+00,4.6008e-01
1.9801e+00,6.8460e-01
2.0820e-01,-1.2720e+00
-2.5823e-01,-6.8764e-01
-5.0148e-01,-5.3840e-01
5.3861e-01,-1.4031e+00
-5.1270e-01,-4.5546e-01
1.4378e-01,3.3935e-01
3.9064e-01,-1.4888e+00
6.0798e-01,6.7670e-01
2.4356e-01,6.0927e-01
9.2303e-01,-6.6337e-01
-4.1400e-01,5.1168e-01
3.5038e-01,1.8082e+00
-2.6301e-01,-4.6955e-01
-2.2929e+00,-1.0419e+00
-2.3727e-01,3.0509e-01
4.4395e-01,1.0890e+00
9.8640e-01,-7.9632e-02
-2.6138e+00,-8.6786e-01
-6.9121e-01,-1.9219e-02
-1.8453e+00,4.3085e-01
5.4828e-01,-5.7475e-01
-3.3855e-01,9.1765e-01
-1.9168e+00,5.5516e-01
5.6413e-01,-6.9927e-01
6.9191e-01,-1.8163e+00
5.9175e-01,2.3665e+00
1.1305e+00,-6.5110e-01
2.1377e+00,-6.0138e-01
-6.1675e-01,-6.7262e-01
8.7402e-01,1.0703e+00
-2.7630e-01,-5.0491e-01
-1.0297e-01,-7.7716e-02
-3.9326e-01,-1.0219e+00
-1.7269e+00,-1.3140e+00
-1.6904e+00,1.4943e-01
-1.2122e+00,7.0952e-01
-4.0669e-01,-1.0215e+00
6.3117e-01,1.5291e+00
-1.2124e-01,-2.0963e+00
3.4197e-01,-1.0082e+00
-7.7262e-01,4.4701e-02
-6.7632e-01,-1.1182e-01
-3.5858e-01,-4.7586e-01
3.7485e-01,-5.8592e-01
2.5740e-01,5.4949e-02
7.9177e-01,-2.2807e-01
-2.8687e-01,1.3213e+00
-1.9389e-01,-1.1350e+00
-1.6212e-01,1.3844e+00
-7.9700e-01,1.3795e+00
3.9718e-01,-1.3433e-03
-2.1843e+00,4.8947e-03
-2.7378e-01,-1.0308e+00
-8.5243e-01,-5.2686e-01
1.0970e+00,-1.3733e+00
3.9837e-01,-2.1660e+00
-9.0646e-01,1.5067e+00
-2.9147e-01,-2.3169e-01
1.3176e+00,7.7893e-01
-4.2215e-01,-9.7295e-01
-1.6585e+00,4.9757e-01
4.5755e-01,4.2436e-01
-7.4669e-01,2.4604e-01
-1.0604e-01,-1.9142e+00
1.2406e+00,1.5642e+00
2.3077e+00,-8.2657e-01
1.4487e-02,2.8750e+00
-1.2989e+00,8.4311e-01
2.1828e+00,1.4005e+00
-1.5686e+00,-4.2100e-01
1.5425e+00,-1.8068e+00
-1.2819e+00,7.5235e-01
-9.7419e-01,1.9306e-01
1.2435e+00,7.3803e-01
4.0187e-01,1.8864e+00
1.0179e-01,-1.6918e+00
1.3473e-01,1.1539e-01
4.8616e-01,8.0156e-01
9.5453e-01,6.7155e-01
-1.1784e+00,4.9805e-01
3.6148e-02,2.3114e-01
-1.1189e+00,-4.1514e-03
-6.1401e-01,2.6776e+00
9.4658e-01,1.5966e+00
3.8205e-01,1.4143e+00
-7.9164e-01,3.9171e-02
-1.3342e+00,6.5868e-01
-4.0622e-01,-1.4517e+00
1.1106e+00,-7.0297e-01
1.7660e+00,1.2306e-01
-1.3099e+00,-7.2710e-01
1.5841e+00,3.6537e-01
1.3667e+00,1.9359e-01
-5.7802e-01,1.9415e+00
-1.1632e+00,6.5787e-01
1.6168e-01,-6.3171e-01
-6.7023e-01,1.1290e+00
-1.1260e+00,-8.3440e-02
1.1769e+00,2.2567e-01
8.1586e-01,-1.7558e+00
1.5997e+00,-7.1590e-02
1.0742e+00,6.0507e-01
4.2441e-01,1.3953e+00
6.0335e-01,-1.2646e+00
1.1763e+00,-1.1197e+00
-5.9855e-01,6.7689e-01
5.4128e-01,1.1336e-01
-1.0141e+00,-5.1011e-01
1.4470e+00,-1.1997e+00
2.4709e+00,2.6320e+00
1.3405e+00,2.3263e+00
2.3357e+00,2.7354e+00
2.6118e+00,2.8552e+00
1.5449e+00,2.8434e+00
2.3211e+00,2.6131e+00
2.6352e+00,2.0389e+00
2.3825e+00,2.7354e+00
1.4546e+00,1.4274e+00
2.1527e+00,2.6266e+00
2.0006e+00,3.1951e+00
1.7913e+00,2.9905e+00
2.1164e+00,2.8097e+00
2.9951e+00,2.4180e+00
2.1841e+00,2.2728e+00
3.0094e+00,2.6221e+00
2.7507e+00,2.0056e+00
2.1880e+00,2.3557e+00
1.8540e+00,3.0632e+00
2.3623e+00,1.7006e+00
2.1629e+00,3.0085e+00
2.9379e+00,2.5004e+00
2.2464e+00,2.4022e+00
2.2598e+00,2.5668e+00
2.4120e+00,3.5413e+00
2.2806e+00,1.7703e+00
2.4295e+00,2.2887e+00
2.4545e+00,2.7106e+00
2.7501e+00,2.7484e+00
2.0861e+00,2.5690e+00
1.5969e+00,3.1084e+00
1.7169e+00,2.7621e+00
2.4634e+00,3.1014e+00
2.2215e+00,1.6276e+00
1.7802e+00,1.6957e+00
1.9463e+00,3.9785e+00
2.0465e+00,2.8033e+00
2.4412e+00,2.1280e+00
3.7191e+00,2.2771e+00
2.0336e+00,1.8821e+00
2.7706e+00,2.1391e+00
2.0533e+00,2.5320e+00
2.1071e+00,3.4132e+00
2.7800e+00,1.8399e+00
2.6546e+00,2.3925e+00
2.5682e+00,2.6116e+00
2.4203e+00,2.2346e+00
1.7387e+00,2.7331e+00
2.9028e+00,1.8262e+00
3.1749e+00,3.2161e+00
1.6159e+00,2.0247e+00
2.9327e+00,2.0748e+00
2.7063e+00,2.4872e+00
1.7136e+00,1.7277e+00
2.7163e+00,2.3017e+00
2.3542e+00,3.4147e+00
2.3633e+00,2.5532e+00
2.4952e+00,2.3265e+00
1.8921e+00,2.5064e+00
2.7390e+00,2.7856e+00
2.2987e+00,2.6127e+00
1.7926e+00,2.6215e+00
1.4949e+00,1.8549e+00
2.7750e+00,3.3220e+00
2.3147e+00,1.9224e+00
1.7893e+00,3.5177e+00
3.0202e+00,2.2663e+00
2.5029e+00,2.4524e+00
2.0406e+00,2.2777e+00
2.2075e+00,2.7099e+00
2.9337e+00,3.0541e+00
3.2963e+00,1.9391e+00
2.7269e+00,1.8843e+00
2.6871e+00,1.7717e+00
2.3618e+00,1.8762e+00
2.8329e+00,2.4076e+00
2.2856e+00,2.7917e+00
2.7868e+00,1.8417e+00
2.5663e+00,2.4171e+00
2.5152e+00,3.1879e+00
3.3204e+00,2.7547e+00
3.0470e+00,1.6713e+00
1.7219e+00,3.1132e+00
3.0047e+00,3.1185e+00
2.0658e+00,3.1029e+00
3.3672e+00,3.2097e+00
2.9826e+00,2.8835e+00
1.6795e+00,2.8003e+00
3.1925e+00,2.2954e+00
2.6216e+00,2.3445e+00
2.4085e+00,2.4064e+00
2.6279e+00,2.5452e+00
1.8743e+00,3.1433e+00
3.0397e+00,2.1530e+00
2.9496e+00,2.4779e+00
1.9583e+00,2.1139e+00
1.8296e+00,1.4759e+00
2.7323e+00,3.1366e+00
2.5325e+00,1.5358e+00
2.3331e+00,2.7412e+00
3.0303e+00,2.1424e+00
2.5721e+00,3.4981e+00
2.5580e+00,2.5416e+00
2.4716e+00,2.2082e+00
3.1874e+00,2.2791e+00
3.0040e+00,3.0248e+00
2.7780e+00,2.4172e+00
3.1001e+00,2.1523e+00
1.8748e+00,2.5329e+00
2.1177e+00,1.9377e+00
2.6599e+00,1.6327e+00
2.2413e+00,2.5315e+00
2.4890e+00,2.5670e+00
3.5531e+00,3.1729e+00
2.8687e+00,2.3388e+00
2.4383e+00,2.4360e+00
2.7574e+00,1.9305e+00
2.3083e+00,3.1371e+00
2.3406e+00,1.9286e+00
2.1488e+00,2.1516e+00
2.6259e+00,2.3054e+00
2.5139e+00,1.9454e+00
2.3742e+00,3.3339e+00
2.9542e+00,2.1002e+00
2.8555e+00,2.2811e+00
2.6967e+00,3.6047e+00
2.8071e+00,2.4862e+00
2.9515e+00,2.3298e+00
3.0955e+00,2.3766e+00
2.4449e+00,4.0361e+00
3.0605e+00,1.2334e+00
3.0148e+00,2.1673e+00
2.3877e+00,2.5888e+00
3.0093e+00,1.9219e+00
1.8473e+00,2.9885e+00
2.2479e+00,2.2126e+00
2.6739e+00,3.0659e+00
2.3573e+00,2.4422e+00
2.2678e+00,2.6407e+00
2.2361e+00,2.7595e+00
1.9699e+00,1.9792e+00
2.8732e+00,1.9499e+00
3.0405e+00,2.2901e+00
2.5512e+00,2.1223e+00
2.8986e+00,3.1213e+00
1.9569e+00,2.1872e+00
2.2338e+00,2.9351e+00
2.5696e+00,2.8056e+00
2.0965e+00,2.2343e+00
1.8969e+00,2.7531e+00
3.0705e+00,2.9776e+00
2.7985e+00,2.3394e+00
2.4847e+00,1.7785e+00
3.1750e+00,2.1041e+00
2.1661e+00,2.4669e+00
2.6599e+00,1.7483e+00
2.3995e+00,2.5368e+00
2.6666e+00,2.5535e+00
1.6438e+00,2.7731e+00
2.4691e+00,2.3481e+00
1.3952e+00,2.3108e+00
2.2333e+00,2.3533e+00
3.0394e+00,2.7685e+00
3.2772e+00,3.0163e+00
2.9559e+00,2.2971e+00
1.9958e+00,2.2222e+00
2.5391e+00,2.6130e+00
3.2313e+00,1.9439e+00
2.2028e+00,2.3699e+00
1.4753e+00,2.3970e+00
2.0230e+00,2.6630e+00
3.2782e+00,3.3613e+00
2.7046e+00,2.6786e+00
2.1831e+00,1.9694e+00
2.5005e+00,1.4959e+00
2.4170e+00,2.9504e+00
2.7994e+00,1.5916e+00
3.1504e+00,2.1459e+00
2.3805e+00,2.9886e+00
2.7174e+00,3.2686e+00
2.4183e+00,2.8365e+00
2.5786e+00,2.4410e+00
1.8064e+00,2.7354e+00
3.5867e+00,2.4679e+00
3.1675e+00,2.2007e+00
2.0149e+00,2.5079e+00
2.2761e+00,2.0792e+00
2.6860e+00,2.4512e+00
2.5624e+00,3.1764e+00
2.7416e+00,3.0320e+00
2.7547e+00,2.4494e+00
1.8536e+00,2.6676e+00
2.5140e+00,3.1724e+00
2.4265e+00,1.7683e+00
3.0398e+00,2.5856e+00
2.8717e+00,2.1728e+00
2.3160e+00,2.7039e+00
2.9824e+00,2.5966e+00
2.0627e+00,2.2989e+00
3.7916e+00,2.5017e+00
2.7701e+00,2.3895e+00
2.5431e+00,2.0243e+00
3.5140e+00,3.1152e+00
1.7786e+00,2.8364e+00
2.9191e+00,2.5415e+00
2.1719e+00,3.1518e+00
1.6762e+00,2.9528e+00
1.9847e+00,2.9655e+00
2.4716e+00,2.9606e+00
2.7593e+00,2.1552e+00
2.0919e+00,2.5480e+00
2.1065e+00,3.6362e+00
1.7500e+00,1.4819e+00
2.0508e+00,2.1943e+00
2.0247e+00,2.4375e+00
1.7786e+00,2.1719e+00
1.1414e+00,2.6368e+00
2.6522e+00,2.0985e+00
2.5287e+00,2.3715e+00
1.9755e+00,3.2792e+00
3.2770e+00,3.0378e+00
2.1659e+00,3.2807e+00
3.0905e+00,2.3540e+00
2.1833e+00,2.3504e+00
3.0091e+00,2.4920e+00
2.7428e+00,2.0714e+00
2.1328e+00,2.9028e+00
2.6942e+00,2.9867e+00
2.1550e+00,2.5465e+00
2.1009e+00,2.6517e+00
1.9379e+00,2.3677e+00
1.9640e+00,2.9162e+00
2.2616e+00,3.2115e+00
1.8394e+00,3.1156e+00
2.8865e+00,2.6528e+00
2.6159e+00,2.2610e+00
3.0478e+00,2.6784e+00
2.6658e+00,2.1735e+00
2.5999e+00,3.4674e+00
1.9513e+00,2.3649e+00
2.3248e+00,2.4768e+00
1.8214e+00,3.2480e+00
2.0748e+00,2.1427e+00
1.8862e+00,2.4466e+00
1.6496e+00,2.2932e+00
2.2522e+00,2.7193e+00
2.7711e+00,2.2229e+00
2.0336e+00,2.6426e+00
1.7997e+00,3.2937e+00
3.0509e+00,2.4475e+00
2.6704e+00,2.9822e+00
1.7625e+00,2.9977e+00
2.2749e+00,2.7738e+00
2.5498e+00,2.5286e+00
2.8124e+00,3.4568e+00
2.1678e+00,2.1215e+00
2.9278e+00,2.1330e+00
2.2228e+00,2.1122e+00
3.1539e+00,2.3339e+00
3.3876e+00,3.4728e+00
3.0645e+00,3.1789e+00
2.7029e+00,2.5047e+00
2.4359e+00,2.6784e+00
2.6828e+00,3.2386e+00
3.3446e+00,2.9540e+00
2.9208e+00,1.7654e+00
3.2746e+00,1.9240e+00
3.4929e+00,2.2719e+00
1.8346e+00,2.0733e+00
2.7184e+00,2.1349e+00
1.5721e+00,3.2061e+00
2.6630e+00,2.1962e+00
2.4891e+00,1.3129e+00
2.6832e+00,1.8682e+00
2.1653e+00,3.0742e+00
2.4768e+00,2.1309e+00
2.0270e+00,2.8393e+00
2.2931e+00,2.3086e+00
2.0676e+00,1.4292e+00
2.4936e+00,2.5145e+00
1.9608e+00,1.8705e+00
1.9962e+00,2.2224e+00
2.1620e+00,2.2991e+00
2.3616e+00,2.5477e+00
2.3864e+00,3.3745e+00
2.3512e+00,2.7753e+00
1.3682e+00,1.7853e+00
3.0502e+00,2.1150e+00
2.6402e+00,4.0005e+00
3.0130e+00,1.8990e+00
2.3828e+00,1.8376e+00
2.7332e+00,2.4964e+00
2.8373e+00,2.4640e+00
1.7334e+00,2.5677e+00
1.9106e+00,3.1459e+00
1.8860e+00,1.4931e+00
2.3897e+00,2.5384e+00
2.2413e+00,3.0556e+00
3.2106e+00,3.1312e+00
1.7962e+00,2.6816e+00
1.7621e+00,2.6071e+00
1.9869e+00,2.3948e+00
2.7801e+00,2.8110e+00
2.0766e+00,2.4290e+00
2.5490e+00,1.5073e+00
2.2952e+00,2.7084e+00
2.7758e+00,2.3420e+00
2.4614e+00,1.8720e+00
2.5476e+00,2.2801e+00
2.6600e+00,2.6316e+00
2.4357e+00,2.7536e+00
3.1124e+00,1.9907e+00
2.4746e+00,2.2796e+00
2.4585e+00,2.9167e+00
3.6723e+00,1.9263e+00
1.6152e+00,2.6428e+00
2.4610e+00,2.4284e+00
1.9399e+00,3.0101e+00
3.1071e+00,3.7302e+00
2.5426e+00,1.5065e+00
2.5027e+00,2.1824e+00
3.1061e+00,2.3738e+00
2.0907e+00,2.9307e+00
2.5125e+00,2.7470e+00
2.3402e+00,2.6694e+00
2.3468e+00,2.2796e+00
3.4402e+00,3.0495e+00
2.3823e+00,2.9512e+00
2.6332e+00,1.4909e+00
1.7724e+00,2.6476e+00
1.9721e+00,2.9798e+00
2.7865e+00,2.7237e+00
2.0839e+00,2.4047e+00
2.6665e+00,1.8799e+00
2.2479e+00,1.9258e+00
3.3632e+00,3.3017e+00
2.9721e+00,2.4398e+00
2.8166e+00,2.3948e+00
2.9111e+00,3.0393e+00
3.0222e+00,2.9215e+00
2.3994e+00,2.7491e+00
2.0089e+00,2.2579e+00
2.4821e+00,2.3104e+00
1.7711e+00,2.6594e+00
2.2099e+00,2.0031e+00
2.6403e+00,2.6831e+00
3.0757e+00,1.9601e+00
2.4040e+00,3.3644e+00
2.2255e+00,2.2350e+00
2.0269e+00,1.8472e+00
2.4280e+00,2.5118e+00
2.9699e+00,2.7191e+00
3.6471e+00,2.6841e+00
2.4008e+00,2.4871e+00
2.8101e+00,2.6500e+00
2.5358e+00,3.5052e+00
2.9581e+00,1.8473e+00
2.9594e+00,2.1170e+00
2.3100e+00,2.9356e+00
3.0644e+00,3.4829e+00
1.6514e+00,3.8427e+00
2.5369e+00,1.2053e+00
2.6909e+00,1.9248e+00
2.6321e+00,2.4119e+00
2.9355e+00,2.8174e+00
1.6212e+00,2.7876e+00
3.3377e+00,2.3573e+00
3.0245e+00,2.5222e+00
1.8828e+00,2.3251e+00
3.2323e+00,3.0404e+00
2.1579e+00,2.9492e+00
2.4599e+00,2.9832e+00
2.0260e+00,3.4835e+00
2.9499e+00,2.8451e+00
2.0971e+00,2.3577e+00
2.7973e+00,3.2127e+00
1.4511e+00,3.0031e+00
2.4617e+00,2.7522e+00
2.3033e+00,2.6613e+00
2.2372e+00,2.7145e+00
2.8011e+00,3.2417e+00
2.2661e+00,2.2040e+00
1.4226e+00,2.2601e+00
2.0984e+00,2.5392e+00
2.4022e+00,2.8938e+00
2.6148e+00,2.5280e+00
3.1453e+00,2.9908e+00
2.6555e+00,2.5012e+00
2.6052e+00,1.7256e+00
2.4509e+00,2.4762e+00
2.2493e+00,2.9536e+00
2.3370e+00,2.4245e+00
3.0408e+00,2.5815e+00
2.5482e+00,2.1373e+00
2.1935e+00,1.9468e+00
2.2971e+00,2.7076e+00
3.5175e+00,1.8578e+00
2.9572e+00,2.7011e+00
3.0249e+00,2.8264e+00
2.1384e+00,2.1167e+00
3.8054e+00,2.3932e+00
2.3208e+00,2.4457e+00
1.5514e+00,2.5439e+00
2.1723e+00,2.4902e+00
2.5580e+00,3.0729e+00
2.9660e+00,2.3031e+00
2.6081e+00,2.7794e+00
2.5330e+00,2.9592e+00
2.6455e+00,2.4805e+00
2.6989e+00,2.1144e+00
3.8736e+00,3.2192e+00
3.2612e+00,2.7898e+00
2.9677e+00,2.0396e+00
2.5651e+00,2.6310e+00
2.8298e+00,1.6487e+00
2.2220e+00,2.6305e+00
2.3864e+00,2.4300e+00
2.0189e+00,3.3291e+00
2.8670e+00,2.1365e+00
1.7788e+00,2.1716e+00
2.7713e+00,3.1165e+00
2.0725e+00,2.3169e+00
3.3810e+00,1.8507e+00
1.8069e+00,2.2720e+00
2.0580e+00,2.4256e+00
2.7829e+00,2.2723e+00
1.6895e+00,2.3356e+00
3.2126e+00,2.0793e+00
2.5204e+00,2.7960e+00
2.2372e+00,3.1420e+00
2.4759e+00,2.4523e+00
2.2613e+00,2.9969e+00
2.6507e+00,2.8517e+00
2.3420e+00,2.9233e+00
2.2620e+00,3.5563e+00
2.1959e+00,3.2838e+00
3.0433e+00,2.9820e+00
2.9657e+00,2.5109e+00
2.3376e+00,2.1663e+00
2.4501e+00,1.7141e+00
2.4379e+00,1.6748e+00
2.6626e+00,2.9258e+00
2.9748e+00,2.5335e+00
2.7518e+00,1.8186e+00
3.3899e+00,2.1706e+00
2.9155e+00,2.1317e+00
1.5303e+00,2.5893e+00
2.1982e+00,2.9157e+00
2.7499e+00,2.9422e+00
2.1717e+00,3.1768e+00
1.6294e+00,2.4014e+00
2.2381e+00,2.3868e+00
3.1332e+00,2.8564e+00
3.1308e+00,2.0050e+00
2.3687e+00,2.9509e+00
3.2504e+00,2.9339e+00
2.0248e+00,3.6126e+00
3.0468e+00,2.1956e+00
2.3117e+00,2.3727e+00
2.5590e+00,2.7595e+00
3.0378e+00,2.7013e+00
2.8524e+00,2.4542e+00
2.4467e+00,2.3812e+00
3.2906e+00,1.7435e+00
1.7616e+00,3.9022e+00
3.0160e+00,2.9141e+00
2.3470e+00,2.9902e+00
1.9638e+00,3.1437e+00
1.6919e+00,2.4147e+00
2.3685e+00,2.9065e+00
2.0778e+00,2.4570e+00
2.4747e+00,2.3499e+00
2.8331e+00,2.3112e+00
2.7021e+00,2.5909e+00
3.2153e+00,1.5406e+00
2.2603e+00,2.6395e+00
2.6553e+00,1.9923e+00
2.7431e+00,2.6585e+00
2.7758e+00,2.5340e+00
1.6110e+00,2.3981e+00
2.4800e+00,2.4909e+00
2.1167e+00,1.6313e+00
2.5401e+00,2.7636e+00
2.8664e+00,2.5086e+00
2.3958e+00,2.1146e+00
2.2262e+00,1.9458e+00
1.6763e+00,1.7927e+00
2.6432e+00,2.9683e+00
1.3083e+00,2.5407e+00
1.7736e+00,1.7204e+00
3.6443e+00,3.0295e+00
2.4031e+00,2.4690e+00
2.3931e+00,3.3473e+00
3.0412e+00,3.7547e+00
3.0030e+00,2.4030e+00
2.3736e+00,3.2998e+00
1.6717e+00,2.5706e+00
1.8864e+00,2.8357e+00
1.6458e+00,1.7432e+00
1.9693e+00,2.4855e+00
2.6722e+00,2.1490e+00
2.8034e+00,2.7377e+00
3.2914e+00,2.3901e+00
3.2407e+00,2.5485e+00
3.3158e+00,2.3653e+00
3.0049e+00,1.9261e+00
1.7297e+00,2.9780e+00
3.7066e+00,1.9362e+00
2.6201e+00,2.5828e+00
1.8684e+00,2.8107e+00
3.0275e+00,2.7955e+00
3.2892e+00,1.9628e+00
2.2699e+00,2.3521e+00
2.4504e+00,2.8578e+00
2.2849e+00,2.7489e+00
2.3081e+00,1.9784e+00
2.1177e+00,2.8822e+00
2.6500e+00,3.0662e+00
1.9419e+00,1.8288e+00
2.7777e+00,2.5371e+00
1.8779e+00,1.2559e+00
1.6199e+00,2.9953e+00
2.1379e+00,2.4370e+00
2.8826e+00,2.1653e+00
2.5639e+00,2.0637e+00
1.8246e+00,3.3499e+00
2.4669e+00,3.2155e+00
2.2530e+00,3.7065e+00
2.5109e+00,1.6761e+00
2.7025e+00,2.8466e+00
2.3403e+00,3.0515e+00
2.4040e+00,3.3232e+00
2.4602e+00,1.8973e+00
2.3171e+00,2.4405e+00
2.8135e+00,2.5959e+00
3.1374e+00,1.8650e+00
3.0603e+00,3.1178e+00
2.6595e+00,2.6364e+00
2.2382e+00,2.0133e+00
2.5279e+00,2.7853e+00
3.0575e+00,2.2396e+00
2.6944e+00,2.5293e+00
1.7949e+00,2.4694e+00
3.0482e+00,2.1862e+00
2.3261e+00,1.9881e+00
2.4517e+00,3.3274e+00
2.5673e+00,3.2751e+00
2.2717e+00,2.6960e+00
2.7894e+00,2.3836e+00
2.1176e+00,2.5646e+00
2.4982e+00,3.0601e+00
2.9057e+00,2.9301e+00
2.8680e+00,2.9492e+00
2.7556e+00,2.9077e+00
1.6202e+00,1.9543e+00
2.5222e+00,2.7761e+00
1.8286e+00,1.9482e+00
2.3589e+00,2.7713e+00
2.1348e+00,1.9376e+00
2.5120e+00,2.7411e+00
2.6318e+00,1.9012e+00
2.4951e+00,3.0641e+00
2.1642e+00,2.9388e+00
2.2203e+00,1.8034e+00
2.7013e+00,3.4571e+00
3.1922e+00,2.4387e+00
2.5661e+00,1.7456e+00
1.9483e+00,3.4490e+00
2.5099e+00,2.8848e+00
1.5694e+00,1.7117e+00
2.0458e+00,2.7244e+00
2.7218e+00,2.8964e+00
3.1887e+00,2.9854e+00
2.7325e+00,2.3347e+00
2.1843e+00,2.5075e+00
2.4613e+00,1.8574e+00
2.3473e+00,3.2932e+00
2.8464e+00,3.0516e+00
2.1652e+00,2.9010e+00
3.3038e+00,2.8793e+00
2.2069e+00,2.3720e+00
2.3298e+00,1.5505e+00
2.6382e+00,2.3672e+00
1.3912e+00,2.4937e+00
1.9339e+00,1.6803e+00
2.2891e+00,2.2594e+00
2.6373e+00,2.4441e+00
3.1034e+00,3.0625e+00
3.3142e+00,3.0821e+00
2.1789e+00,2.9402e+00
3.1028e+00,2.7395e+00
2.8833e+00,2.7341e+00
2.6295e+00,3.2186e+00
2.7200e+00,1.6913e+00
2.5098e+00,2.4566e+00
2.8290e+00,2.4642e+00
2.8087e+00,2.1600e+00
1.8109e+00,1.6865e+00
2.5742e+00,2.4821e+00
1.7294e+00,3.1032e+00
3.9144e+00,2.9261e+00
2.9552e+00,2.1026e+00
2.9090e+00,2.0034e+00
2.1483e+00,2.6915e+00
2.7870e+00,2.4879e+00
2.0125e+00,2.1686e+00
2.4230e+00,2.5877e+00
2.6102e+00,2.6346e+00
3.1239e+00,2.5038e+00
2.5647e+00,2.6240e+00
2.5599e+00,3.4208e+00
2.6008e+00,3.6851e+00
3.1707e+00,2.2694e+00
3.4626e+00,2.1877e+00
2.1737e+00,2.5506e+00
2.3693e+00,2.4807e+00
2.1170e+00,2.2651e+00
2.0230e+00,2.7840e+00
2.2581e+00,1.8674e+00
2.2971e+00,2.4017e+00
2.0487e+00,2.2396e+00
2.7172e+00,1.4953e+00
2.3139e+00,2.7619e+00
1.6316e+00,2.6231e+00
2.8361e+00,2.6688e+00
2.3131e+00,2.4000e+00
2.3146e+00,2.7625e+00
3.1779e+00,1.7670e+00
2.8200e+00,2.5704e+00
1.9746e+00,2.2734e+00
1.0320e+00,1.7878e+00
2.9290e+00,2.6115e+00
2.0412e+00,1.4952e+00
2.6873e+00,1.8407e+00
2.3271e+00,2.1918e+00
2.5868e+00,1.9210e+00
2.9461e+00,2.6281e+00
2.2389e+00,1.5772e+00
1.8878e+00,2.0769e+00
3.0511e+00,2.3018e+00
2.4683e+00,3.0453e+00
2.9327e+00,3.4539e+00
2.6579e+00,2.6325e+00
2.2695e+00,2.7516e+00
3.3567e+00,2.1039e+00
2.6961e+00,2.8003e+00
1.8646e+00,2.7993e+00
1.8734e+00,1.5568e+00
2.0326e+00,3.0112e+00
2.3729e+00,1.6570e+00
3.2874e+00,3.1525e+00
2.2086e+00,1.8604e+00
3.3845e+00,2.1586e+00
3.0212e+00,2.4050e+00
2.7882e+00,3.3957e+00
2.6576e+00,3.1347e+00
2.2393e+00,2.8093e+00
2.8451e+00,2.2389e+00
2.6117e+00,3.0534e+00
3.2370e+00,2.2650e+00
2.8375e+00,2.9802e+00
2.5859e+00,2.4622e+00
2.6859e+00,3.0973e+00
2.4805e+00,2.8246e+00
3.3274e+00,2.1303e+00
2.0543e+00,2.1806e+00
3.1086e+00,2.5633e+00
2.1923e+00,2.4270e+00
2.4245e+00,1.8807e+00
2.4390e+00,2.3114e+00
2.1818e+00,2.7809e+00
2.1711e+00,2.7689e+00
2.1698e+00,2.1936e+00
2.4190e+00,2.5187e+00
2.1622e+00,2.6892e+00
1.7748e+00,2.0879e+00
1.4744e+00,2.3469e+00
2.6232e+00,2.9075e+00
2.5206e+00,2.2652e+00
2.3987e+00,3.1445e+00
1.7021e+00,1.2203e+00
2.4236e+00,3.1518e+00
2.0914e+00,1.4847e+00
3.0568e+00,1.1678e+00
1.7037e+00,2.2941e+00
2.0152e+00,3.5648e+00
2.3395e+00,1.3250e+00
1.8310e+00,3.3042e+00
1.7797e+00,1.4634e+00
2.4058e+00,2.3573e+00
2.1134e+00,1.7136e+00
2.2715e+00,2.3377e+00
2.7953e+00,2.6808e+00
3.3181e+00,2.4028e+00
1.9501e+00,2.3081e+00
2.3296e+00,2.7766e+00
2.7430e+00,2.0834e+00
2.5134e+00,2.3106e+00
3.1237e+00,3.4447e+00
2.3702e+00,2.6186e+00
2.4706e+00,2.4813e+00
2.2266e+00,2.2868e+00
2.2850e+00,1.6632e+00
2.8922e+00,1.6121e+00
2.4798e+00,2.1526e+00
2.1467e+00,2.3629e+00
2.1168e+00,2.2054e+00
3.2332e+00,2.2852e+00
2.0044e+00,2.2448e+00
2.2698e+00,2.0046e+00
1.9390e+00,2.2171e+00
3.1830e+00,1.9200e+00
2.2670e+00,2.9491e+00
1.9640e+00,3.0828e+00
2.2054e+00,2.5709e+00
1.7545e+00,1.8883e+00
2.4818e+00,2.7769e+00
1.8768e+00,2.2839e+00
2.0767e+00,2.2303e+00
2.7756e+00,2.2216e+00
2.4947e+00,1.6768e+00
3.6016e+00,2.5624e+00
1.9634e+00,2.2374e+00
2.9085e+00,3.0473e+00
2.1818e+00,2.4399e+00
2.3771e+00,1.8802e+00
2.8798e+00,2.0192e+00
2.9128e+00,2.5210e+00
2.9211e+00,2.0117e+00
2.4782e+00,2.6133e+00
2.1570e+00,2.6817e+00
2.1531e+00,2.3945e+00
2.2939e+00,2.0581e+00
1.8493e+00,1.6740e+00
2.7702e+00,2.0012e+00
2.6193e+00,2.6851e+00
2.9034e+00,1.5874e+00
2.1820e+00,2.9189e+00
2.7849e+00,2.1447e+00
2.8061e+00,2.3819e+00
3.2919e+00,1.2411e+00
2.8623e+00,3.4085e+00
2.4106e+00,3.0319e+00
2.5422e+00,2.6150e+00
2.2794e+00,2.0314e+00
2.8826e+00,2.1874e+00
3.3335e+00,3.0699e+00
2.8822e+00,3.3065e+00
2.2575e+00,2.1363e+00
2.5742e+00,2.0285e+00
2.6686e+00,3.5004e+00
3.2409e+00,2.8637e+00
3.2999e+00,2.4275e+00
2.4484e+00,2.9501e+00
2.6562e+00,3.0447e+00
1.3957e+00,2.1458e+00
2.5810e+00,2.0327e+00
2.4134e+00,2.9799e+00
2.9178e+00,2.8227e+00
2.0495e+00,2.8395e+00
2.5752e+00,1.9127e+00
2.5351e+00,2.2049e+00
3.0541e+00,1.8162e+00
2.3148e+00,2.3361e+00
2.9553e+00,2.3620e+00
2.4242e+00,2.4709e+00
3.3646e+00,2.4235e+00
2.2157e+00,2.6849e+00
2.3822e+00,3.0067e+00
2.4337e+00,1.6286e+00
3.7226e+00,3.1899e+00
3.5387e+00,2.1164e+00
2.6244e+00,1.9961e+00
2.3226e+00,2.6892e+00
3.5893e+00,2.6919e+00
2.3065e+00,2.5563e+00
2.6935e+00,3.3546e+00
2.5210e+00,3.1595e+00
3.0768e+00,2.9803e+00
2.8321e+00,3.1327e+00
2.7376e+00,1.6715e+00
2.4013e+00,2.9224e+00
2.8996e+00,2.7405e+00
2.3921e+00,2.8221e+00
3.1519e+00,2.8614e+00
2.9528e+00,2.4939e+00
3.3512e+00,2.0815e+00
3.0840e+00,3.5012e+00
2.5229e+00,2.2287e+00
2.7070e+00,1.8830e+00
3.1963e+00,2.9002e+00
2.5359e+00,2.6463e+00
2.6116e+00,1.2866e+00
1.7165e+00,2.8229e+00
2.0667e+00,2.5823e+00
2.9190e+00,3.0216e+00
2.9738e+00,1.9890e+00
3.4659e+00,1.9758e+00
2.0545e+00,1.5845e+00
3.1821e+00,2.6715e+00
2.1242e+00,2.2382e+00
1.9640e+00,3.1388e+00
2.3443e+00,2.8703e+00
2.6271e+00,2.6156e+00
2.1306e+00,2.9071e+00
2.9459e+00,2.1031e+00
2.1833e+00,1.8637e+00
1.8600e+00,2.2654e+00
2.2982e+00,2.6871e+00
2.4895e+00,2.4418e+00
1.9030e+00,1.9294e+00
1.5531e+00,2.0369e+00
2.3889e+00,2.2310e+00
3.3123e+00,1.1792e+00
2.8501e+00,2.4054e+00
2.2179e+00,3.6277e+00
2.0699e+00,2.5109e+00
3.2316e+00,2.1127e+00
2.3728e+00,2.7926e+00
3.1411e+00,2.1195e+00
2.6310e+00,2.4917e+00
1.3489e+00,1.6476e+00
2.5990e+00,2.4799e+00
1.7351e+00,2.6557e+00
3.1684e+00,3.3039e+00
1.7567e+00,2.4172e+00
2.6820e+00,2.0270e+00
2.5530e+00,2.0562e+00
2.4541e+00,1.7772e+00
2.8198e+00,3.3749e+00
2.7882e+00,2.1312e+00
2.6935e+00,2.9233e+00
2.2059e+00,2.9740e+00
2.6549e+00,3.7723e+00
2.2562e+00,2.7576e+00
2.5068e+00,3.0800e+00
1.8398e+00,2.7372e+00
2.3079e+00,2.8625e+00
2.5111e+00,2.6941e+00
2.8634e+00,1.6238e+00
2.7507e+00,2.1289e+00
2.4250e+00,2.6541e+00
1.6594e+00,1.9040e+00
2.9306e+00,2.2779e+00
2.6011e+00,2.2733e+00
3.4112e+00,3.0805e+00
1.7054e+00,3.1997e+00
2.2390e+00,2.7910e+00
2.6467e+00,2.0732e+00
2.4635e+00,2.7855e+00
1.8645e+00,1.7911e+00
2.5963e+00,2.7354e+00
3.5327e+00,1.7564e+00
2.6344e+00,1.9306e+00
1.9025e+00,2.6864e+00
2.7715e+00,1.8363e+00
2.4481e+00,2.0372e+00
2.8790e+00,3.3314e+00
2.6639e+00,2.6373e+00
2.0536e+00,2.1986e+00
1.9621e+00,2.5634e+00
2.0320e+00,1.7429e+00
2.0573e+00,2.5094e+00
2.7744e+00,2.5242e+00
2.9513e+00,3.1680e+00
2.6127e+00,2.3748e+00
1.8443e+00,3.1325e+00
1.6726e+00,1.7205e+00
1.8861e+00,2.4168e+00
2.3979e+00,2.8235e+00
1.7153e+00,3.3005e+00
2.5395e+00,2.2758e+00
2.4030e+00,2.4243e+00
2.9339e+00,2.6038e+00
1.3800e+00,2.5627e+00
1.1460e+00,2.6787e+00
3.2989e+00,2.8056e+00
3.6081e+00,2.0012e+00
2.9779e+00,2.9428e+00
2.5010e+00,1.8809e+00
2.5941e+00,3.3388e+00
1.8443e+00,3.0536e+00
3.3422e+00,2.3477e+00
2.3121e+00,2.5130e+00
1.6806e+00,2.9575e+00
2.2039e+00,2.5743e+00
3.1482e+00,2.4786e+00
2.7689e+00,2.1994e+00
2.2861e+00,2.2429e+00
2.8361e+00,2.2716e+00
1.0344e+00,2.6311e+00
2.6122e+00,2.2584e+00
2.4327e+00,1.2557e+00
2.1517e+00,1.4159e+00
1.6311e+00,2.6996e+00
1.9196e+00,2.3980e+00
2.7191e+00,2.5825e+00
2.6660e+00,1.5024e+00
2.3562e+00,3.0823e+00
1.7623e+00,1.6256e+00
2.5490e+00,1.9369e+00
2.2094e+00,3.1368e+00
2.7342e+00,2.4368e+00
2.9819e+00,1.8230e+00
2.6659e+00,1.9299e+00
3.0607e+00,2.5068e+00
2.2572e+00,2.7872e+00
1.4106e+00,2.9517e+00
2.6329e+00,2.7352e+00
3.9374e+00,2.0130e+00
2.8074e+00,2.9695e+00
1.8186e+00,2.6312e+00
3.2693e+00,2.2697e+00
3.0831e+00,2.4371e+00
3.3225e+00,3.1665e+00
2.8055e+00,1.9895e+00
3.0356e+00,3.0982e+00
2.4462e+00,2.1035e+00
2.3422e+00,2.5159e+00
2.0782e+00,2.7922e+00
2.3744e+00,2.4440e+00
2.6687e+00,2.8475e+00
2.5258e+00,2.2586e+00
2.4074e+00,2.9755e+00
2.0346e+00,1.7414e+00
2.8742e+00,2.7812e+00
2.8466e+00,2.3281e+00
2.4221e+00,3.1168e+00
3.6769e+00,2.6540e+00
1.8332e+00,2.7341e+00
1.7736e+00,3.0753e+00
1.7024e+00,2.4782e+00
2.1837e+00,2.4265e+00
1.9858e+00,3.8020e+00
2.1763e+00,2.4154e+00
3.0115e+00,2.6412e+00
1.6345e+00,2.9327e+00
2.5710e+00,3.0795e+00
2.4491e+00,2.1072e+00
2.9224e+00,3.2845e+00
3.2726e+00,2.6016e+00
2.9789e+00,2.2403e+00
2.7951e+00,1.4753e+00
2.7084e+00,1.7467e+00
2.8825e+00,2.7801e+00
2.3326e+00,2.4348e+00
2.9482e+00,2.1312e+00
2.5204e+00,2.4104e+00
3.3946e+00,2.9021e+00
1.9399e+00,2.4056e+00
1.9133e+00,2.1604e+00
2.4608e+00,2.9746e+00
2.6967e+00,2.1498e+00
2.8363e+00,3.2392e+00
3.0576e+00,2.8341e+00
2.2663e+00,1.9369e+00
1.7346e+00,2.7396e+00
2.2747e+00,3.1065e+00
2.2860e+00,3.4095e+00
3.1031e+00,1.3777e+00
2.8558e+00,3.2455e+00
2.3079e+00,2.2415e+00
2.1939e+00,3.0039e+00
2.2872e+00,2.1945e+00
2.5484e+00,2.0789e+00
3.1772e+00,2.5031e+00
2.4318e+00,2.5817e+00
3.5132e+00,2.6769e+00
3.2448e+00,2.6583e+00
2.6454e+00,1.7495e+00
3.0486e+00,2.6461e+00
3.0590e+00,3.3889e+00
2.3637e+00,2.6227e+00
2.8044e+00,3.0995e+00
2.4815e+00,2.3484e+00
2.2523e+00,3.5668e+00
2.9432e+00,1.5874e+00
1.6264e+00,2.9049e+00
1.7939e+00,3.3676e+00
2.8602e+00,2.4903e+00
2.8545e+00,1.8873e+00
3.0452e+00,1.4989e+00
2.5565e+00,2.4781e+00
2.3661e+00,2.8946e+00
1.5810e+00,1.7318e+00
2.8781e+00,2.2229e+00
3.0798e+00,2.5500e+00
2.1395e+00,2.9327e+00
3.5039e+00,1.2660e+00
3.0774e+00,2.9777e+00
2.7605e+00,2.1182e+00
2.5913e+00,2.1588e+00
2.4431e+00,2.8448e+00
1.3826e+00,2.3496e+00
3.4645e+00,2.3186e+00
2.6865e+00,2.4113e+00
2.0921e+00,2.7590e+00
2.3267e+00,2.4410e+00
2.3840e+00,2.4790e+00
2.2127e+00,2.3358e+00
